14
22
35
43
54
62
73
12
24
35
43
53
63
75
12
21
35
43
74
13
21
34
42
53
63
73
14
23
34
43
53
63
75
14
23
34
45
55
63
74
23
33
42
54
62
72
14
22
34
43
53
64
74
13
22
35
42
54
62
74
34
43
55
63
74
15
23
35
64
74
12
33
43
55
73
14
22
35
43
53
64
75
13
23
32
42
52
64
75
13
21
35
42
54
63
75
13
21
35
44
53
62
73
15
23
35
42
55
62
74
12
22
34
43
55
63
74
13
24
43
55
63
75
15
22
34
43
54
62
73
14
24
35
43
52
64
75
14
21
35
43
52
61
75
13
21
35
43
52
61
71
15
25
35
45
55
65
75
34
75
13
22
34
44
52
62
74
15
24
35
45
55
64
75
13
23
35
44
55
64
75
13
23
35
43
54
64
73
15
22
35
43
53
61
75
14
21
35
43
52
63
72
13
21
35
44
53
61
75
13
24
31
55
72
14
23
33
44
55
65
73
13
25
34
43
55
63
75
15
25
35
44
54
64
75
13
23
35
42
52
61
75
15
24
35
43
53
64
75
15
14
21
35
42
53
62
73
14
23
35
43
53
62
74
15
24
35
44
53
64
75
15
33
44
51
72
15
35
45
13
31
42
53
64
75
13
21
35
43
52
61
73
14
23
35
43
53
64
74
14
25
33
43
53
64
74
14
24
33
43
53
63
74
14
24
33
43
53
65
74
11
23
35
43
54
62
72
15
25
35
44
53
64
75
14
23
35
45
54
65
75
13
21
35
44
55
64
75
15
25
34
41
51
61
73
12
22
35
41
53
61
75
15
25
35
44
53
64
75
13
21
34
43
52
61
74
15
24
34
44
55
64
75
15
13
23
35
42
52
61
75
14
23
35
45
53
63
75
14
25
35
43
53
63
74
14
22
35
42
53
63
72
12
21
33
43
52
61
73
15
23
35
43
53
64
75
13
25
35
42
52
63
74
13
23
35
41
54
63
72
31
43
52
65
74
12
22
33
42
51
61
74
15
22
35
43
54
63
75
14
23
35
45
52
62
72
13
22
35
43
54
63
75
15
21
33
43
55
63
72
13
21
35
43
54
62
74
12
21
35
43
63
74
13
21
34
43
54
61
74
14
22
35
43
53
63
75
13
21
34
44
53
62
75
14
24
35
44
53
63
74
14
23
35
44
55
61
75
13
23
35
44
55
61
73
14
21
35
45
54
61
75
15
23
35
43
53
64
73
14
23
35
44
53
63
75
11
21
35
43
55
61
75
13
23
35
44
55
62
74
45
12
21
35
44
53
62
75
14
24
35
43
53
62
73
14
23
35
43
53
63
75
15
22
35
43
53
62
75
13
21
34
44
53
63
75
14
21
33
43
54
64
74
14
22
35
43
53
62
73
15
22
35
44
52
62
74
14
22
35
44
54
65
75
13
25
35
44
53
63
74
13
22
33
43
54
63
74
23
34
45
55
64
75
13
24
33
44
53
63
73
14
23
34
44
52
62
72
14
23
35
44
55
62
75
14
23
34
43
54
61
72
11
21
33
41
51
61
72
12
22
35
42
53
62
73
14
23
35
43
64
73
25
34
43
54
63
75
13
21
35
43
53
62
74
14
23
34
42
63
75
14
23
34
44
53
65
71
13
23
35
44
55
62
74
11
21
35
43
74
14
22
35
43
54
63
75
35
15
25
35
44
54
64
75
13
22
34
44
55
62
72
14
23
35
45
54
64
73
14
24
34
45
52
63
75
15
23
34
43
52
63
74
14
23
35
44
54
64
73
15
22
35
44
55
64
73
15
23
35
44
53
63
75
14
21
34
43
53
62
74
15
24
35
44
53
63
73
14
24
33
41
13
24
34
44
55
63
73
15
23
34
44
53
63
71
13
23
35
42
51
61
72
13
24
33
41
54
61
73
25
35
45
55
64
75
13
21
35
45
62
75
15
22
35
43
54
63
74
35
45
74
14
22
35
43
52
62
73
13
21
34
44
53
61
75
25
15
25
34
43
51
63
75
14
24
35
43
52
62
75
24
34
43
54
64
74
12
21
33
42
51
61
75
14
22
35
42
63
75
13
23
35
44
52
63
72
14
24
35
43
52
61
72
13
21
34
44
53
63
73
15
22
33
44
52
63
73
13
24
35
45
54
65
75
13
22
35
43
54
65
73
14
23
33
44
54
64
71
13
21
34
42
63
74
14
24
35
44
55
63
75
12
22
35
43
53
63
74
13
22
34
45
64
73
14
21
35
43
53
62
73
13
23
34
44
63
74