13
25
33
45
55
65
74
11
25
33
45
54
63
74
14
24
34
44
54
64
74
14
25
34
44
55
65
75
11
25
33
44
54
63
72
25
44
13
25
34
45
55
64
73
13
25
32
44
53
62
73
15
25
33
44
55
65
75
25
44
12
23
33
43
53
62
74
12
24
33
45
52
64
73
13
24
34
45
52
64
75
14
24
32
42
54
64
73
12
25
33
44
53
46
73
65
25
13
25
33
44
52
63
72
13
25
32
44
55
62
72
45
12
25
34
43
54
65
75
15
25
33
43
53
64
72
15
25
33
44
54
64
75
13
24
34
44
54
64
74
13
25
34
44
55
65
75
13
25
34
43
53
63
74
12
23
35
43
54
63
74
12
24
33
43
52
62
73
12
25
32
42
52
61
73
14
25
33
44
54
64
74
13
25
32
43
55
64
73
11
25
34
41
51
61
72
15
25
35
45
55
65
75
24
35
43
61
72
12
23
33
44
54
64
74
15
25
32
43
52
63
74
24
35
43
54
65
75
14
25
32
45
52
63
72
11
24
32
44
54
61
73
13
25
32
41
51
65
74
15
24
33
43
54
64
73
15
23
31
43
54
64
74
15
25
32
45
54
63
73
13
25
32
44
53
62
74
11
25
33
43
52
65
72
11
25
32
44
53
63
74
15
25
33
44
54
62
74
13
25
43
54
64
73
13
25
32
45
52
63
25
12
24
33
45
54
63
74
14
24
33
45
54
65
74
13
25
34
43
53
63
74
13
24
32
43
53
64
75
14
25
33
45
55
64
75
13
25
32
43
54
63
75
14
24
32
43
52
63
73
25
35
45
75
13
22
31
44
52
64
71
14
25
34
45
14
25
33
45
52
63
72
15
24
35
44
55
64
75
12
25
32
44
51
61
75
13
24
34
44
55
61
71
13
25
33
42
53
64
74
14
24
34
45
54
63
72
12
25
35
45
53
63
73
23
31
45
52
74
12
25
31
42
53
63
73
14
24
35
44
53
64
74
15
21
31
42
54
64
73
12
25
33
45
54
64
74
15
25
44
54
74
15
24
33
44
54
75
13
24
33
45
54
65
74
13
25
32
43
53
63
74
15
25
33
44
54
64
75
14
25
33
44
54
63
73
12
24
33
43
53
63
74
25
13
25
32
45
53
62
73
13
32
44
53
61
71
14
25
44
14
25
34
45
54
65
75
14
23
33
43
54
64
74
14
24
34
43
53
61
75
65
75
14
25
34
45
55
63
73
15
22
31
42
53
63
72
45
13
24
31
43
51
65
74
15
25
34
44
54
63
71
15
25
33
43
55
64
74
13
24
35
42
53
61
75
13
25
34
43
55
64
73
13
24
34
44
54
63
74
13
25
32
45
52
62
74
14
25
33
43
52
62
74
12
25
31
42
53
61
72
15
25
35
45
55
65
75
12
25
33
43
54
65
74
13
25
34
44
54
64
75
25
24
33
45
64
74
13
24
32
45
54
63
74
12
25
33
45
53
62
74
15
24
34
42
54
65
73
14
25
34
43
52
63
75
13
24
33
44
53
62
74
15
24
32
44
54
64
74
15
25
74
14
24
35
45
55
64
74
15
25
33
44
54
64
74
13
25
34
45
54
64
75
12
25
33
42
52
62
73
14
25
33
43
54
63
73
12
25
32
44
52
61
74
12
25
32
43
53
62
74
12
25
35
43
53
62
74
14
24
33
45
54
63
74
13
25
34
44
55
65
75
13
25
33
44
55
63
74
11
24
35
45
54
62
73
13
25
34
44
55
65
74
15
21
54
62
73
15
21
31
44
53
64
73
13
25
32
42
53
63
74
13
25
33
45
62
54
73
12
24
32
44
54
65
73
11
25
33
44
52
63
72
13
25
33
45
53
63
73
13
23
32
43
53
61
74
12
25
33
44
54
64
73
13
25
32
45
65
73
13
23
31
43
52
63
71
15
24
34
44
53
62
73
14
24
33
44
53
62
75
14
25
31
45
54
65
74
11
25
31
44
55
61
73
14
25
34
44
54
63
73
13
24
35
44
54
64
75
11
25
31
43
52
61
72
13
23
33
43
51
61
71
13
25
34
45
55
63
74
13
24
31
45
53
61
73
13
24
33
43
54
62
75
15
25
35
45
64
75
13
21
42
64
75
13
25
34
43
53
63
74
14
25
33
44
54
63
74
14
25
35
43
55
64
75
14
25
32
43
52
63
74
12
25
33
45
53
62
73
11
25
32
43
53
63
74
15
22
33
44
55
65
75
13
25
33
43
51
63
72
12
23
32
43
51
64
72
12
24
33
44
54
62
73
14
25
33
42
52
62
75
13
25
33
43
53
61
71
15
24
31
45
55
62
73
12
25
31
42
52
61
73
14
24
33
44
54
63
73
12
25
32
44
53
63
73
14
23
33
43
53
63
73
13
25
34
45
53
64
74
15
22
32
43
52
63
72
14
24
33
44
53
64
73
12
25
32
44
54
64
14
25
44
52
63
73
13
25
31
44
51
65
71
13
24
33
44
54
63
74
14
23
32
42
55
61
72
13
25
33
44
54
65
75
14
25
33
42
53
63
74
12
25
34
44
55
65
74
13
25
32
42
54
62
74
13
25
33
43
54
63
74
12
25
34
45
55
63
73
13
24
33
44
55
65
74
12
25
33
44
54
62
73
14
25
33
43
53
62
74
13
25
34
43
54
63
73
13
25
33
45
54
65
73
13
25
32
43
54
64
75