14
22
34
45
53
64
73
14
23
33
45
53
65
75
13
23
32
44
61
74
14
24
33
44
54
64
75
11
21
31
41
51
61
71
12
22
33
45
54
65
74
15
15
25
35
45
55
65
74
14
23
34
45
63
75
15
23
35
45
55
64
73
14
25
35
44
55
63
75
13
24
33
42
52
63
73
11
24
35
44
52
63
72
12
23
34
42
51
61
72
13
23
34
43
54
72
13
22
33
44
53
64
74
14
23
33
45
53
65
75
12
22
34
45
53
62
74
13
22
32
43
54
64
72
13
23
33
42
55
64
72
24
34
44
54
65
75
14
22
32
42
53
61
74
13
23
34
45
53
63
73
13
23
34
44
55
63
72
15
22
32
45
55
63
74
14
25
33
44
54
65
75
15
21
33
44
55
62
73
14
23
32
44
54
65
73
14
24
34
44
55
63
74
12
24
35
44
34
65
74
12
22
33
43
54
64
73
15
25
35
45
55
65
75
15
22
34
45
55
65
75
13
23
34
45
52
63
74
15
23
31
45
51
65
75
14
21
31
44
52
61
73
13
22
32
44
54
63
74
15
24
33
42
53
64
75
13
24
33
42
52
64
73
13
23
35
44
51
62
74
13
21
33
42
54
61
71
15
21
33
43
52
64
74
11
23
32
42
51
61
72
14
24
34
44
53
64
73
14
22
32
42
51
61
73
14
22
34
43
55
63
73
14
22
32
44
52
64
73
12
21
35
44
52
62
73
13
24
34
44
54
65
75
13
24
32
43
53
63
73
12
23
33
45
63
74
12
24
32
43
52
62
75
11
25
34
42
51
64
74
14
23
34
44
53
62
74
