13
24
35
44
55
65
74
12
22
33
45
54
64
73
23
14
22
31
43
55
62
74
14
23
34
44
53
65
75
12
24
34
45
55
64
73
13
23
33
43
53
65
75
12
23
35
45
53
65
74
13
23
35
42
52
65
74
13
24
34
42
53
65
74
12
23
34
45
52
63
74
11
23
32
43
52
65
75
13
23
34
44
54
63
74
12
25
33
43
55
65
73
12
25
33
45
55
65
75
12
22
35
45
53
64
72
12
23
32
44
52
63
73
13
23
35
45
53
64
75
11
24
34
42
53
65
72
14
24
32
42
56
74
12
25
34
43
55
63
73
12
24
34
43
51
63
75
11
23
34
41
54
63
71
13
24
34
45
54
63
73
15
23
34
45
55
64
73
13
22
33
44
53
63
74
15
23
35
43
52
64
75
12
24
35
42
51
64
75
14
23
34
44
12
23
32
44
54
62
72
15
24
35
44
54
64
75
14
24
44
55
64
74
13
24
35
44
53
65
75
15
24
34
43
55
65
73
13
23
43
53
64
74
13
24
35
45
53
63
74
15
24
35
44
55
63
74
14
24
35
45
54
65
74
13
24
35
45
55
64
74
12
24
33
43
54
63
73
14
23
34
43
63
73
14
24
35
45
54
64
75
14
23
34
45
52
61
75
13
23
34
45
54
63
74
11
21
31
41
55
65
71
14
24
35
43
52
64
75
14
24
35
43
55
64
74
14
25
34
45
55
64
75
15
23
34
44
55
64
74
22
34
43
54
75
11
24
35
44
53
65
75
13
22
32
45
55
64
74
22
33
44
53
64
73
64
74
23
32
44
53
63
73
13
24
35
45
53
65
73
15
24
33
43
55
64
74
13
25
34
44
55
65
75
14
22
35
42
51
64
72
13
24
34
44
55
63
75
13
21
34
43
54
64
74
14
23
33
43
53
63
74
13
23
34
44
55
65
75
35
13
24
35
45
54
64
75
12
25
34
45
53
74
12
24
34
45
52
63
75
13
24
34
44
54
65
74
12
24
33
45
54
65
73
14
25
35
45
54
65
75
12
24
35
45
53
65
74
13
23
35
45
53
64
74
12
23
33
43
54
62
73
14
23
33
44
53
63
72
25
34
45
53
65
73
23
34
43
54
64
75
14
23
35
43
55
64
72
14
24
35
45
53
64
75
12
23
34
43
54
64
75
13
24
35
44
55
63
75
13
25
35
44
53
65
74
15
25
35
45
54
65
75
14
25
34
43
54
65
74
12
23
35
45
55
65
75
13
22
34
43
54
62
75
44
54
65
73
13
24
33
45
52
63
75
55
15
23
33
44
53
65
72
12
23
33
44
54
62
74
13
23
34
45
54
64
73
22
35
44
52
64
75
15
24
35
44
55
62
74
14
24
35
44
53
63
75
13
23
33
44
54
64
74
13
23
33
45
52
65
75
15
25
35
45
55
64
74
13
24
35
44
52
65
75
12
24
33
45
54
64
74
13
25
33
44
55
63
73
13
24
35
43
54
63
75
15
25
35
45
55
65
75
13
24
35
44
54
65
73
21
42
55
63
74
13
24
35
45
53
65
74
11
23
33
45
55
64
73
12
23
35
45
53
64
75
13
21
32
44
54
63
75
13
22
34
45
53
62
74
14
22
33
43
53
63
73
13
25
35
45
55
65
74
14
24
35
45
65
76
14
25
34
45
54
65
75
13
25
34
45
55
65
75
21
44
53
65
72
15
22
32
42
53
63
74
14
24
33
45
54
65
73
12
22
34
42
55
63
74
13
23
33
44
53
64
74
14
23
35
44
54
63
74
13
23
33
43
53
65
73
12
23
34
44
53
65
75
11
25
34
45
52
63
73
14
23
35
44
55
63
74
13
24
35
45
55
65
75
12
25
34
45
55
64
74
13
23
35
45
53
64
75
11
34
44
55
64
74
13
23
35
44
54
63
75
11
22
34
43
53
63
73
12
22
33
45
52
65
75
13
24
35
43
54
63
74
14
23
34
43
53
63
74
13
23
34
45
55
63
73
11
22
34
41
51
65
73
13
23
34
45
54
65
75
14
23
35
44
55
65
75
14
23
35
43
54
64
74
12
22
35
43
52
65
74
12
22
34
45
54
65
75
13
23
33
43
54
63
74
13
24
35
44
54
64
74
14
25
35
45
53
65
74
14
23
35
43
55
64
73
11
21
33
44
54
64
74
11
23
45
54
64
72
12
24
33
44
55
65
73
12
25
33
44
53
64
75
12
24
34
42
51
64
75
13
24
34
43
53
65
74
12
25
35
45
54
65
75
12
23
34
45
53
62
75
12
24
35
45
55
65
75
11
22
33
45
53
65
75
14
24
35
45
53
65
74
12
23
35
44
53
63
75
15
21
33
45
51
61
73
12
22
32
45
51
61
74
13
23
35
44
53
75
63
13
24
34
54
45
64
75
14
22
33
43
54
64
73
12
23
34
43
55
64
75
13
24
35
45
55
64
75
12
25
33
42
54
63
75
14
23
33
44
55
63
73
14
25
34
45
55
65
75
12
23
34
44
55
62
75
13
23
35
43
55
63
74
11
23
35
45
54
63
75
11
23
35
45
53
64
75
12
24
35
45
52
65
75
12
25
35
43
54
65
75
12
23
33
43
53
63
73
15
23
34
42
55
64
74
11
23
33
45
51
61
73
12
22
33
44
53
63
73
15
25
35
45
55
65
75
11
24
35
44
53
65
75
13
25
35
44
65
74
12
24
35
44
52
64
73
13
24
33
44
55
65
75
14
25
35
45
54
65
75
13
24
35
45
53
65
74
13
22
35
43
53
65
73
14
24
33
45
54
63
73
14
25
35
45
54
65
74
13
24
35
45
54
64
75
12
22
32
43
52
61
74
12
23
32
42
55
64
74
11
21
34
43
53
61
71
12
24
35
45
53
65
73
14
23
43
55
63
73
13
23
33
43
53
63
73
13
25
34
44
54
65
75
12
24
33
45
54
64
74
14
22
32
44
53
64
75
13
24
35
45
53
65
75
14
25
35
45
55
65
75
13
24
34
43
53
65
74
15
22
34
44
53
63
74
11
24
33
45
54
63
74
11
21
34
44
55
63
73